# Kaggriculture evaluation seeds: training (v1)
# search and tuning; may be examined without limit
# Generated by tools/seed_splits.py; do not edit by hand.
# 1024 seeds, disjoint from every other split.
499527447
1104219175
1070797561
1374510596
330808676
1140179036
736696697
978809292
1188531700
1276905083
419908349
1265316547
1639985046
1794486451
2113348317
594937286
1451709243
175989253
599417332
1404594495
605188243
1328809449
259960200
2054654458
935009417
1322351557
1773621262
695747799
1997961570
768077184
593812622
665423984
718372061
976575092
787508068
752530519
612561463
885836830
130114447
1355178137
185324091
1595523937
1815872405
1128457441
2001040180
179561557
1313767957
1145089196
657132714
499719284
1757357222
579568325
1070106118
1712721169
466231168
1699074712
12448421
242251410
191621244
1826705982
1151848745
786009047
199312711
1878919529
1174502953
1684767380
845092822
1038529107
1793300248
148855409
1377033457
1138302203
1200887349
635548316
33829948
402266783
1976285335
1866684462
1483198057
1182159423
1375644852
1332468282
1637863782
1729058623
785565003
888298954
427268616
1893382396
207346040
1407232838
2080974383
506694010
1497483456
1386372542
168900099
1465304083
123915626
2946692
906996756
1796558952
386879363
1517402047
882569624
612443581
1580572726
2081073153
969553899
1522335772
1351025037
323519667
1500085774
1487922437
21864689
1296567258
1392360060
1460783143
889047237
1651903335
942611544
59295993
644559732
101767647
706807659
1666448739
229822873
1639135835
1776910640
632827769
326678223
1358670568
820659401
366035122
933251332
2102857159
1922667455
540532512
2011267228
1739898702
1612488263
631394048
1316222908
899952716
27876144
1440387297
803520355
180832589
58459323
2109457244
1307772762
1045252731
1732506833
2122448251
19910945
1613101646
706559569
700021905
458022725
174563330
1161213514
2029447404
546777968
854009867
372798887
1058616619
1205154694
1314324872
1932540765
472035448
666367141
297307148
1377386843
586962127
1860184342
2127738886
184350944
3253415
646909424
1745582070
1768458316
1154807143
41963873
1835143909
1557412825
1425815408
699044999
1115389321
431561081
1770941507
813445832
1177712529
1624502536
1264965001
171154156
980347398
520644733
307471767
1588239257
334519839
1215493607
570038692
1400495702
219352075
1815296644
794395589
2001567289
1454083010
538917190
335833498
938785637
710214012
286217671
1628590763
167455674
484937021
911201149
800097574
1381629051
1295163084
969251092
2143458739
360007439
891683129
234950341
1786561056
1772185282
1596481144
1875737180
794856544
285641814
512731716
2089288846
283100090
1023937175
1132114580
1204509040
2082740933
619710203
990474211
1044443901
1224859729
1451115878
1446342012
1740499995
926794858
1848962461
1924203121
1592293749
978375345
954325154
430847417
343440158
995104336
1179622483
1569397533
891001796
662450596
1544470063
1387019679
694289681
1181550227
1707625954
1315953548
121334092
982333538
2063512126
1077297777
120332543
1916080046
1206595165
1669218948
744521503
1285002129
2101524772
772106846
415580821
1214597840
530675602
1183061697
1543305089
363808373
1739509156
567582590
339639937
705679565
1550394472
1911865991
594717249
454563459
228805754
1499848474
1913896264
1817560972
367995537
2079831568
1207455178
1262052290
765031077
725304932
435329991
1573214471
1091315929
376868397
1179785034
944521998
1185362932
290630821
1951471831
1317542058
261094184
1800868808
1436490331
1008325707
1490518903
121000301
1187428815
1508167298
1754335325
543426654
214556483
1653513868
499499750
1362488238
1787629232
1518209937
34823511
1743159170
1375482633
1295692554
1263711757
765457429
558054735
1218823345
1442166885
1934974739
1742146497
908170457
1061665824
1977828755
527459248
231464238
1568469431
1501716025
1423345566
2032041120
1617256749
1571758034
1803923407
1769914755
439903481
1306160593
1137371487
53049279
1942568644
1471270666
433582372
1318702112
1901646258
291056871
360538981
304340191
62939042
2121428872
393647591
2054815924
51083728
1328711056
711083510
901140348
1479456420
1074993853
373170398
753771011
808706437
1965517886
658783706
1414841076
1142701281
1106128814
1964150147
1736610154
1358722933
714582961
1527323254
1114455202
2058126197
58166740
1228787911
1428725246
1708748542
1475059595
1783327279
1022274046
1508366781
1021398137
871464195
1737011747
1892475944
889993488
87839907
1136773373
1705759469
1645759734
1364960183
1116477521
225793612
304292161
121132136
1553211677
1493962575
1609033193
1304700655
1382641548
124215686
1407303947
435834731
2091735305
918581805
448680183
1703295281
1256112503
1894913310
136720565
787159962
567061936
1761997228
88621735
809942803
1498700789
1605364987
1730131114
252033655
1408780583
1523027073
1137344960
928862256
566870030
993693441
1171076368
2024149177
2787248
888812925
247457415
2113119072
1348989283
1181670969
1504924395
138565910
1392652008
639312859
253087236
1543675035
300917666
1645699652
1868011569
531844208
1168397718
470939282
986797631
732347681
2009956788
1383568136
516144368
1237468254
746954731
96921276
1868296463
1073417433
832535168
872145375
1023066162
872559397
1318437305
32856588
1624344319
1929603962
2084751400
1399126444
231208060
1891443347
1384465052
7340711
68128598
709895995
180688144
154537907
229709202
1298787860
1508401454
887995753
1107229012
355664396
1156516792
1098109304
2134009985
919231938
598581536
1594104888
1836835257
61210217
1975100516
1568430978
1843846056
825996993
1039653404
1762083509
12773081
1328105930
1010367861
1999751869
840916150
1641623731
520615923
1526832341
1755518983
1571387770
1695011756
1908967874
1920032959
1368445966
1295886654
791345608
1418663725
1239920822
330623048
328723700
974026774
823894080
586646734
2083118004
2117960499
1704767561
1296745938
873492213
1995757669
229451061
344757793
68424848
990164966
997544378
66499034
650774959
77097989
1924533785
1566513529
484192798
890705325
305215222
1969186073
1529351562
1408519573
409684547
615272301
2115110464
860368938
1683143682
338187278
822081770
1617648630
360905292
859440017
927855750
603726520
1159200933
711154220
840226189
818525300
976095325
1516608524
800685642
2020287512
581017479
1778692229
512147165
1693918403
861016912
58046375
694943088
444596591
775288448
524702456
232034374
1056462051
1464899168
1732982079
655043487
641239573
796702020
1614494623
178638733
2024502277
3806324
77297107
310681160
1021839185
654269774
558887879
515656482
494050272
807083679
1966216029
1536236756
1301591666
204770082
399342829
888583041
799581793
1705617844
706965944
726649840
67113491
1485097044
1343585408
1025893957
1961651887
642262519
1972277501
1307809237
1557597934
109378767
410893624
450696470
13792246
1913751700
394483749
1430238886
506908635
323132656
509479581
1621464024
629394370
1864149640
1609653936
757424074
1743446567
620485960
166612693
789636579
1963983878
1704697445
783120510
343750776
517643186
72222658
855922936
1200219286
1993199318
1324757263
1010432193
2009026826
319584009
75659906
474884914
1938885016
2019494341
738646931
443964071
2142544241
275395344
84658300
635215105
299022836
337318134
1497999915
782010220
1361299189
1394066962
822195633
601836463
341646468
408123479
1271866546
423425256
648865356
1092967282
1386817656
1653740780
303906904
391755690
1681486905
1790177229
2058471812
6230631
1316146289
1419946976
253454978
754095934
1054452707
1680274679
1441320821
2008880883
180329289
2047817452
431447408
1981032967
2098707009
28037102
1144215795
227783703
1648358218
1252440444
978721892
1270084886
582989650
1395670095
266466738
1801714286
591720028
10332032
2115676644
527695709
1020188640
1052429324
135471492
1559719438
312760026
871458221
18284942
1566894629
89102225
118206500
1119753645
895861938
1218644877
103385315
751562179
1207408538
6436445
1471242037
973353575
1563410925
1162589887
533552847
1135493128
347669726
1490351280
11363199
1577352023
210176194
1541202501
410099765
119962949
698342003
174377650
1069604125
1805972084
496162738
242889309
1534382308
1423670480
1311172671
757623020
494981166
311410603
1923253148
753070098
240828288
284052354
1458223762
309771260
160507796
1790367475
1016712781
1026886400
1442631471
1722561892
977236386
656489578
1308232525
1466301432
73688732
1960123903
74967222
1661121421
1608648031
1840343730
1156407702
855586885
604026775
373564994
550171436
408680725
1901382333
763252520
1144190992
924514685
688528761
1486123945
682067340
1607300295
93864679
410435746
1095319793
156583335
1059711994
1909607661
1153089185
516733728
1952063493
1635072353
892492253
1480628451
380243139
295209538
817530390
1360004899
592619021
1289275899
634318339
2088445915
581536775
145310102
2069077027
2009856524
533995043
1611865190
450123056
1897539554
1915551158
756822826
253882677
1173879180
385509077
380317544
758926143
1483944892
1667718192
831488799
800981234
381900153
744581599
813729283
984905288
570576998
391416354
652641213
1457398760
2055250073
282337910
227849616
836989958
289741381
1397847741
1607021708
1085955744
1282665147
238982796
274388927
2138946543
1430631177
478613207
1717278706
623216690
1829074453
626837734
476675141
927884176
570479129
1785806351
1303214059
497172242
84466130
496782510
1307834463
1201297035
811499775
1558190789
1517423416
1752221215
2033752075
39507569
1978957758
1101510519
450606228
1265217208
1459944054
544493326
829030027
1714934724
970473507
1594487001
1220598468
921129666
304404628
1968511108
1141876057
1566887641
1203725916
1448205889
312292270
363526829
423927620
183187413
1308256717
1144350888
178762766
1931991421
1387994424
718327096
165629920
803307328
1329965713
342317143
2094955214
281518375
1951279332
954096682
705478690
1374477493
2016024760
861056284
1160362037
2079488229
1522588814
110012348
148910399
1721158668
1273060541
1931552182
837385289
1388985047
885809443
917713676
472255795
222645236
577161164
1083512115
1845889713
1096956597
2119798851
1191008377
1269601840
31465855
1020437905
953674375
275356264
361362978
1735932492
2055399821
1638487435
369375645
759998281
1587145326
1130792044
1430838966
1071544520
1037797276
81463792
1501822045
961685972
782974382
900542376
124339242
1014668050
1183759446
1707855968
1464621827
1403307521
198880929
1395565759
917046658
528473859
1250519293
181432645
1308636679
947734790
510574637
1029340007
1137369468
276477250
1750492730
1725959861
453963409
999832407
1288463584
1875844834
1079422268
1782589803
1285054947
1038058146
518738632
1879502262
244153761
1250219061
1697765870
1258123953
89143406
96130773
1441091351
2050959173
1860398687
271691393
1166083228
1427386636
1645401055
1840005494
702833623
413464045
47846994
2125881874
1980293635
954845598
1959661254
223860345
1026795333
31751431
1825032671
1131964234
852113869
1322404011
150840798
1058336542
2113271015
1627932978
1702149466
294446498
1832767780
435257186
2089375543
842382028
510666630
1560950398
314056171
1750574675
1393553871
